29
81
43
35
33
95
65
75
5
44
41
90
22
73
74
34
19
26
97
51
25
53
80
52
2
87
70
91
6
94
31
55
11
66
31
62
73
75
29
85
93
21
18
0
44
55
92
50
15
51
39
70
51
2
87
2
34
48
75
25
81
86
45
44
26
16
99
86
9
27
15
96
84
52
13
8
79
75
53
97
26
42
86
0
3
38
78
67
64
16
52
12
74
7
46
18
3
5
71
3
10
12
24
5
62
3
64
18
56
97
62
91
78
31
80
13
81
89
90
12
11
27
28
54
28
98
88
17
18
87
28
65
75
89
72
75
2
62
13
38
79
75
79
79
45
45
96
54
50
97
6
45
78
5
26
69
32
85
40
12
27
68
53
64
32
74
3
43
22
39
75
88
78
71
71
94
1
82
67
17
33
60
35
73
59
33
40
83
28
23
57
91
97
20
37
88
66
8
64
52
60
32
46
92
28
48
39
12
32
16
63
43
63
73
9
41
96
68
14
26
19
80
61
63
90
13
91
29
13
41
59
71
69
22
94
26
6
31
70
83
27
72
6
32
95
25
88
88
6
22
70
28
94
5
41
80
25
57
72
52
75
40
30
15
21
61
43
34
10
59
89
42
78
37
3
40
77
46
31
74
77
75
49
23
44
25
76
57
69
77
13
63
30
50
59
81
13
21
14
52
80
24
60
71
1
89
42
72
34
26
71
40
45
35
84
94
54
88
68
15
60
9
19
7
82
32
38
33
15
65
10
8
26
78
47
30
40
50
67
18
61
1
63
82
10
65
6
76
3
86
50
89
68
5
4
44
2
63
37
70
51
26
58
70
2
62
89
68
27
13
74
55
79
29
37
47
40
46
18
23
95
52
9
56
86
16
14
63
50
47
10
80
67
28
72
23
52
6
70
33
61
18
79
16
43
48
14
24
7
14
54
42
91
57
78
91
46
7
36
74
99
54
61
24
90
43
67
1
79
9
0
68
68
97
99
63
21
45
85
73
39
53
62
20
22
85
97
39
80
30
22
91
48
2
12
78
28
3
56
89
7
16
93
13
70
17
64
77
78
72
96
60
99
82
12
31
49
89
90
11
48
5
80
84
50
42
49
21
0
99
93
35
65
13
14
78
85
87
96
59
70
26
8
4
57
6
94
34
19
40
64
52
62
64
15
35
16
62
4
58
72
80
60
84
40
95
22
72
27
79
62
99
95
26
56
35
51
81
70
5
52
50
15
82
38
70
25
58
90
55
98
88
50
30
72
54
33
82
30
29
1
97
91
95
19
32
25
49
70
71
86
88
33
39
29
96
75
32
76
7
53
8
15
79
51
69
56
19
15
11
46
69
51
96
73
42
42
97
43
19
79
24
25
19
25
36
8
10
27
42
55
24
84
93
95
33
87
12
91
97
95
32
1
39
77
54
21
39
39
40
22
41
28
87
75
94
57
0
13
9
84
28
10
67
16
50
9
11
82
49
46
22
79
92
12
28
87
41
12
40
6
93
25
34
98
5
33
85
12
3
31
65
24
53
85
58
0
4
58
84
52
6
74
56
46
84
59
39
97
86
81
39
16
36
36
46
61
98
33
68
95
18
99
89
9
98
65
39
88
30
34
78
57
59
24
85
21
14
57
37
67
4
16
54
88
62
9
2
69
18
9
43
60
60
13
9
84
51
28
89
57
40
72
37
41
78
98
75
6
1
55
58
56
5
97
72
14
58
38
2
69
40
15
10
66
61
76
38
53
44
68
28
90
3
65
10
64
81
14
24
13
41
13
80
38
31
76
57
95
68
47
9
51
78
57
97
74
65
9
52
40
69
8
71
32
97
60
16
77
70
35
15
45
46
62
38
39
59
57
40
95
0
38
4
14
50
58
44
90
85
76
22
25
5
32
92
30
13
26
72
30
14
61
39
46
53
99
14
57
37
77
87
40
87
37
26
97
0
51
72
14
52
80
57
72
9
84
86
24
92
95
62
9
36
41
82
41
5
0
84
30
44
19
1
49
44
80
12
69
22
46
27
37
2
30
88
81
49
4
1
91
56
23
93
96
71
41
63
93
11
24
61
95
73
95
90
55
95
37
89
15
50
33
6
35
0
21
72
71
89
49
77
83
88
93
49
61
94
39
61
90
61
52
9
0
88
97
26
96
81
2
14
5
46
94
57
9
72
43
36
64
88
49
86
2
76
70
55
5
26
74
38
25
93
92
27
53
61
17
85
72
97
3
10
92
52
71
49
2
25
30
53
70
16
86
76
54
88
45
59
44
87
70
77
89
47
71
52
14
80
3
55
41
11
26
54
96
84
31
20
26
88
22
79
35
23
31
99
59
53
99
12
2
96
63
94
99
9
70
67
43
84
12
16
9
43
77
17
41
60
86
71
6
91
52
85
45
86
80
11
92
98
44
79
43
59
5
49
58
41
20
1
32
27
10
44
96
54
48
32
39
94
65
11
46
44
28
75
37
48
61
12
5
76
79
43
83
62
28
98
91
98
39
17
32
99
75
19
81
79
44
99
33
91
82
38
60
70
70
18
19
95
47
14
11
81
38
81
97
90
21
73
13
0
96
91
85
60
26
33
8
18
25
97
37
15
31
54
62
58
73
70
39
21
16
97
41
7
38
48
71
15
75
58
64
60
70
45
37
4
75
34
98
84
55
74
77
26
43
49
32
70
34
66
81
15
38
1
79
97
34
17
63
96
41
57
1
33
59
1
61
29
63
22
67
88
69
19
35
27
90
65
45
5
96
10
85
32
4
38
26
24
56
39
3
11
6
50
31
95
8
7
6
21
76
45
9
2
48
48
33
63
96
80
21
31
17
75
70
78
78
52
10
87
68
59
73
94
79
29
58
90
24
68
58
17
48
68
50
6
56
68
40
18
53
80
25
13
46
45
62
11
0
0
9
66
60
92
26
46
49
86
87
51
25
15
86
92
6
73
34
49
96
12
61
40
29
52
60
70
78
83
76
68
47
24
9
93
46
19
10
22
53
89
70
85
12
69
86
13
69
73
3
50
61
55
26
53
45
99
55
22
71
78
71
21
53
5
62
45
54
76
53
76
61
34
14
41
20
82
70
83
48
44
64
25
18
38
52
76
32
43
77
57
34
77
88
42
48
43
51
57
82
74
63
82
71
54
91
97
67
53
49
3
60
23
22
91
84
84
74
18
66
91
62
60
34
37
20
78
90
35
32
25
84
21
88
17
78
47
13
11
6
50
5
57
42
48
31
95
39
30
62
55
35
90
63
90
8
17
17
95
13
59
54
65
64
2
60
81
54
26
89
62
88
54
25
24
63
40
47
81
62
23
55
27
19
54
51
79
24
50
20
79
41
29
48
50
80
29
10
53
35
11
7
87
74
69
0
62
9
32
85
21
27
8
20
93
74
70
59
32
17
79
33
50
96
95
79
35
70
89
48
55
94
11
98
16
68
98
64
77
46
94
65
44
15
28
3
82
57
14
14
44
93
49
59
46
27
7
98
96
62
19
64
49
98
52
42
15
25
49
15
10
61
0
28
21
29
92
82
14
14
78
4
67
49
48
56
53
95
87
77
22
2
82
20
32
66
75
23
52
3
84
2
97
98
96
93
44
83
36
67
57
23
42
62
49
4
58
71
28
59
53
65
88
55
2
34
31
8
57
50
37
39
8
93
53
2
12
68
78
86
39
8
71
79
34
99
71
24
74
15
39
83
63
65
34
40
25
47
28
55
72
75
36
52
20
36
99
99
15
6
45
9
73
2
27
34
26
24
44
77
86
22
22
43
3
78
64
67
13
43
89
35
54
53
4
84
13
27
39
75
12
43
75
93
15
49
54
1
38
20
32
49
14
22
48
47
95
47
63
89
90
38
39
37
81
96
42
15
78
54
77
57
5
29
52
90
61
5
32
94
34
35
8
74
76
21
99
63
53
72
22
74
1
64
74
55
63
77
20
23
37
65
53
81
17
34
74
87
66
50
45
83
42
58
47
4
5
93
13
52
60
14
33
9
81
1
13
39
62
31
92
90
14
87
18
7
99
50
51
81
6
35
88
43
42
20
5
69
79
23
42
64
84
8
57
27
43
40
66
72
0
34
45
88
78
46
57
47
53
64
27
80
91
58
38
14
94
70
74
19
14
7
64
93
20
99
97
95
2
79
63
94
16
15
68
55
84
20
22
61
62
88
76
35
42
10
68
4
30
59
91
42
89
65
61
42
82
66
37
63
55
17
9
65
45
25
0
69
53
43
53
78
22
47
84
75
10
2
75
9
30
36
51
88
5
5
26
39
53
93
57
28
74
81
12
17
61
21
29
50
97
61
6
85
52
32
14
72
68
64
30
61
78
32
86
55
69
50
51
73
93
93
10
93
38
96
7
47
83
90
99
51
83
63
92
46
22
56
26
33
59
74
43
9
35
79
13
15
10
14
60
70
10
26
51
28
23
87
91
98
83
84
43
4
51
81
84
77
55
30
9
43
84
13
88
24
47
30
62
93
27
99
25
64
76
62
4
26
54
80
24
81
36
72
36
33
6
67
18
10
35
42
2
94
14
85
82
81
71
4
52
65
65
79
77
30
71
55
82
74
47
72
50
94
64
62
26
69
68
17
54
17
18
1
37
85
11
86
12
74
44
5
88
75
68
64
1
64
62
45
71
89
49
15
53
16
90
64
82
53
52
51
63
51
68
82
22
81
35
72
53
51
56
94
4
22
14
55
57
46
72
79
38
99
57
68
88
4
22
37
58
33
55
20
50
22
9
54
30
94
27
75
20
74
24
22
34
23
38
9
12
88
6
5
96
28
14
53
96
24
96
42
0
68
68
82
91
40
13
84
40
51
54
26
78
24
21
66
73
22
66
20
44
10
45
96
99
23
65
25
77
30
72
53
48
83
0
40
6
20
80
28
88
17
85
31
3
18
45
81
6
90
50
93
27
1
5
39
77
40
21
19
19
64
14
21
76
97
70
9
87
66
74
35
67
67
92
33
39
51
14
56
55
32
19
39
26
20
70
94
21
21
27
45
78
24
66
43
10
83
23
54
81
79
44
80
72
99
70
91
37
31
78
22
71
67
65
72
65
74
76
94
52
20
62
49
41
93
56
82
97
49
2
80
21
77
96
96
63
23
80
10
74
74
27
35
86
16
3
55
23
33
75
39
80
38
79
5
89
35
0
43
18
19
48
69
51
2
15
94
80
43
73
7
98
92
44
56
53
23
26
19
49
29
15
91
60
50
65
87
10
59
42
1
56
76
8
62
7
25
17
86
44
88
85
88
61
98
28
24
43
32
69
26
80
88
29
73
76
29
13
40
84
27
78
88
3
49
19
83
4
93
19
5
78
42
98
34
86
46
1
76
56
42
73
94
13
87
31
6
89
79
59
40
90
77
24
85
67
21
57
0
3
89
75
82
86
17
77
69
99
86
70
95
0
18
9
37
27
75
18
96
98
51
54
27
85
92
81
3
29
73
97
52
9
18
94
86
61
4
1
45
18
17
50
61
16
87
6
89
8
79
35
74
63
86
98
53
41
4
15
95
39
61
99
1
35
93
73
32
18
16
23
69
0
47
35
43
23
30
31
15
6
91
44
85
9
24
80
89
70
1
63
36
20
13
60
86
44
91
38
84
29
12
62
91
84
40
8
76
9
19
73
67
39
11
3
4
18
36
72
45
40
51
38
2
9
68
24
18
74
10
78
39
46
17
64
78
4
97
25
28
51
41
39
25
7
87
46
92
80
47
97
60
38
99
6
54
56
94
70
86
74
24
82
41
46
79
69
45
2
96
78
33
28
25
98
41
0
20
38
96
7
16
52
49
85
11
28
23
52
33
71
27
88
88
56
44
64
37
50
2
47
83
82
68
0
51
37
47
64
84
16
0
9
45
88
17
77
13
21
62
81
71
50
67
20
30
54
98
88
77
2
75
7
21
99
27
51
15
5
46
40
49
11
29
8
64
14
33
90
56
63
70
88
53
76
55
42
99
86
31
62
64
90
5
94
22
56
41
34
72
90
48
12
10
46
34
27
97
41
67
55
84
88
71
71
66
68
71
53
45
90
50
23
73
42
72
87
66
45
23
20
82
19
19
68
79
91
60
99
37
66
4
61
41
82
46
57
19
59
3
78
26
33
95
14
42
17
92
91
85
94
76
85
55
44
41
67
36
68
6
82
60
88
0
64
56
39
54
67
76
48
55
85
65
66
19
36
75
27
53
30
83
51
64
14
69
58
64
87
38
67
92
46
6
4
63
72
31
45
80
55
44
40
51
85
94
27
61
55
86
93
55
16
73
76
68
6
52
25
81
10
31
27
35
31
34
57
52
45
68
10
71
64
40
34
42
0
29
83
85
73
1
3
50
52
10
29
31
53
98
72
4
41
41
3
90
51
9
4
33
18
74
32
39
94
20
51
46
4
34
17
84
89
41
68
37
11
26
3
94
11
25
24
97
79
87
41
26
96
46
84
45
96
73
5
53
73
11
59
85
6
93
23
38
64
97
89
2
61
25
24
28
5
25
48
16
57
97
32
22
61
11
6
83
55
45
64
45
6
10
29
33
82
27
76
90
5
30
53
59
54
15
89
5
6
68
13
57
88
39
8
75
31
49
42
9
23
10
72
17
40
17
93
80
55
43
20
24
76
24
49
58
10
13
62
66
14
35
30
64
26
5
81
3
44
87
35
41
83
9
91
59
20
47
0
19
39
5
75
52
97
66
56
9
16
85
71
67
54
5
28
36
43
64
91
97
2
75
21
48
33
0
48
59
80
33
94
10
12
25
25
79
8
65
55
49
85
97
13
78
76
72
98
7
21
46
54
14
76
62
1
78
19
33
83
24
2
90
54
41
7
71
14
57
66
49
29
30
13
68
94
77
71
29
41
3
86
33
33
80
83
59
39
7
94
31
99
2
58
32
68
92
43
47
62
56
83
73
59
20
40
74
35
24
92
64
60
2
43
52
22
23
38
7
6
59
93
26
86
22
2
52
53
35
18
62
21
3
61
90
25
3
30
3
29
78
85
76
72
54
32
79
96
30
5
82
51
86
18
86
95
59
64
89
57
33
78
86
23
75
50
15
94
23
2
19
98
23
28
70
61
44
28
62
79
17
28
16
13
4
51
24
98
89
75
81
19
88
68
57
68
98
93
34
30
48
9
71
92
56
92
45
94
84
89
30
24
41
76
4
21
49
41
6
35
61
67
89
64
15
56
50
28
20
70
89
22
65
31
5
53
48
86
39
47
94
13
37
21
9
40
18
74
48
36
98
50
11
45
13
83
89
29
61
27
75
70
12
86
84
35
39
83
20
92
94
61
2
77
45
11
81
64
24
17
7
71
39
27
93
60
68
69
15
17
23
21
82
35
36
49
91
63
28
44
26
37
82
96
88
61
29
6
42
36
84
85
44
91
29
98
97
0
75
38
97
42
30
74
22
84
41
99
12
57
32
30
81
81
24
91
59
64
25
62
32
89
15
7
4
60
32
3
95
93
41
88
64
37
52
38
13
18
51
61
5
22
47
83
59
73
44
19
45
56
13
23
69
66
60
78
39
38
37
82
10
44
63
14
18
49
48
18
63
55
49
91
83
54
86
61
8
48
18
67
48
15
77
62
36
20
40
75
82
21
46
72
26
36
69
98
56
20
13
32
3
86
0
8
14
12
43
7
44
58
13
99
98
58
98
77
38
57
7
58
51
4
69
55
12
54
31
8
1
16
6
73
21
59
87
33
30
18
96
12
32
43
89
97
61
0
95
65
29
59
60
50
18
65
33
0
91
92
20
29
67
26
24
70
61
10
63
65
39
38
76
58
72
16
64
78
26
67
27
27
84
57
52
67
77
62
61
47
20
60
28
89
37
90
68
25
29
44
4
65
41
49
15
76
66
12
44
97
61
73
4
49
60
52
91
30
43
3
20
56
22
89
93
23
50
88
27
23
10
64
86
40
79
26
73
30
81
47
38
75
66
7
6
40
56
7
48
47
92
86
63
84
21
84
21
43
32
83
75
65
2
75
68
15
71
23
99
39
46
30
17
63
57
49
11
73
37
46
20
53
91
57
15
53
38
15
73
86
21
52
46
57
48
7
35
61
99
78
59
21
15
40
70
31
70
14
36
26
78
93
71
77
74
29
53
72
68
80
56
8
35
27
27
41
85
82
62
79
49
52
47
59
80
57
93
83
61
7
78
53
83
88
96
94
87
86
64
70
52
27
71
76
32
80
78
75
12
96
78
13
11
53
70
49
16
17
85
16
30
41
68
44
85
16
76
65
39
92
52
89
9
62
54
99
73
18
68
57
49
79
47
82
54
28
20
71
95
57
27
42
84
5
93
53
51
96
22
53
34
74
81
19
3
23
48
40
30
63
79
45
25
5
16
94
42
7
13
89
1
28
7
0
73
26
8
71
34
53
40
7
44
26
11
2
99
73
2
52
71
97
93
13
60
41
18
74
3
60
1
83
27
74
88
98
63
47
74
29
13
34
15
34
65
78
78
0
32
21
96
14
12
96
37
72
24
15
37
78
49
48
41
97
77
12
71
29
3
19
96
41
0
3
86
3
77
83
47
23
75
65
13
95
52
26
7
17
47
84
92
61
0
43
47
19
46
73
56
21
46
15
67
2
36
56
27
49
64
84
77
85
99
3
22
39
5
22
67
38
37
51
25
48
0
96
57
41
50
5
70
69
78
79
85
19
68
33
55
45
6
83
11
56
77
66
7
52
26
87
57
54
61
84
53
42
96
20
10
91
50
40
86
38
76
26
60
70
57
67
78
82
34
94
63
94
32
75
11
37
86
22
81
13
91
48
87
87
62
15
54
93
5
7
84
11
76
70
99
38
54
37
47
53
86
54
93
78
52
25
35
96
30
30
68
26
4
77
53
45
68
73
29
8
83
13
91
49
9
89
74
3
88
36
3
66
44
58
15
67
9
32
35
9
3
41
45
7
47
13
35
81
16
6
36
34
1
38
96
95
37
88
38
33
57
10
73
96
78
64
66
67
61
52
34
77
87
13
44
39
57
88
31
50
8
17
69
20
10
35
19
98
87
78
97
92
0
69
14
19
38
18
39
57
45
38
37
76
15
59
17
10
1
16
47
82
73
51
94
14
23
86
59
77
14
29
49
51
78
93
74
93
89
37
21
97
87
97
92
41
11
59
84
28
11
79
95
5
11
60
86
65
39
74
9
9
56
15
85
12
61
20
68
99
35
29
20
75
46
33
22
1
83
29
93
81
92
32
12
92
2
84
57
43
47
52
33
89
91
41
72
78
89
56
90
11
16
14
80
95
31
55
56
51
51
72
61
57
91
44
18
66
54
22
99
85
82
50
62
42
72
23
93
49
5
28
49
57
72
75
37
56
13
69
9
63
34
74
70
44
69
1
69
56
75
72
76
24
16
2
73
84
51
77
33
57
69
76
16
96
7
33
7
16
97
77
31
11
22
85
58
30
77
21
36
90
61
20
21
34
2
71
5
45
12
82
41
31
86
93
17
73
84
16
35
94
34
51
99
0
89
65
56
59
23
0
84
7
75
95
65
65
39
50
88
52
23
51
98
41
7
98
81
3
73
32
8
70
4
93
24
29
65
28
20
63
4
28
25
95
39
68
55
39
51
53
87
91
32
8
71
80
60
7
19
47
64
28
70
68
48
1
56
12
40
80
11
54
39
15
10
91
11
13
49
42
39
87
65
11
31
33
59
40
2
81
36
80
39
46
41
24
1
58
0
61
15
66
67
13
93
96
72
35
33
32
66
20
91
8
24
47
12
77
80
85
37
90
56
35
24
72
45
54
71
13
44
65
55
54
38
58
5
60
38
46
55
18
39
27
21
25
97
35
2
78
18
55
7
89
18
40
28
27
62
3
51
97
15
39
26
92
78
30
47
21
82
37
86
51
86
26
52
57
23
41
39
90
67
63
75
55
19
77
75
62
37
85
45
2
33
36
37
80
93
57
24
57
77
87
26
18
5
84
97
16
80
78
5
38
24
47
50
5
51
65
73
79
60
13
79
8
88
0
15
33
22
68
95
32
18
44
63
73
6
87
30
86
45
12
78
69
86
48
58
16
85
18
18
16
65
23
60
84
26
42
94
12
14
61
5
80
43
10
9
78
11
78
86
68
17
27
28
77
0
31
82
64
26
52
42
98
71
27
25
13
8
86
21
21
15
1
13
11
81
31
44
58
79
24
74
81
6
42
80
36
50
6
67
27
78
40
45
33
78
10
8
95
13
89
31
3
83
81
8
28
51
71
59
68
83
75
9
29
93
38
82
47
8
38
52
19
0
6
18
28
87
74
9
66
94
7
62
28
76
11
48
96
34
19
12
18
73
22
60
17
17
87
26
50
90
28
78
15
33
73
55
77
12
8
66
43
43
51
48
90
44
21
0
69
38
98
49
38
10
97
62
88
3
32
24
88
85
82
68
11
41
82
50
78
43
5
74
81
16
97
27
6
18
37
5
65
99
21
28
65
91
60
44
62
3
77
7
3
15
18
70
44
91
52
37
40
38
67
70
64
8
79
89
95
46
29
29
3
24
95
95
83
35
39
36
35
0
39
69
21
42
90
41
69
44
24
10
54
11
3
20
21
79
18
7
47
25
79
56
20
62
81
99
19
62
22
69
44
83
81
5
79
45
72
36
74
35
45
46
34
53
6
92
91
59
9
29
88
25
65
5
79
12
91
28
43
80
45
68
80
48
32
38
24
32
95
32
35
62
36
9
10
9
78
65
90
22
89
55
3
12
26
96
44
87
88
18
25
33
96
87
75
50
32
33
78
51
38
68
53
7
92
79
83
65
45
15
30
52
1
57
12
73
77
94
83
31
0
53
2
26
7
38
86
94
0
63
59
63
43
12
3
38
30
96
93
63
1
18
16
83
3
2
23
80
32
34
57
3
1
13
97
34
54
52
48
24
5
46
8
66
21
97
45
72
53
68
48
77
12
51
15
73
59
68
23
49
94
37
29
92
20
82
0
88
61
41
25
51
38
87
9
42
67
86
64
21
78
38
11
45
73
6
47
10
94
42
85
52
22
13
59
98
27
4
1
90
40
53
37
76
79
18
73
98
7
0
51
9
73
20
91
26
3
42
52
48
11
83
45
73
26
53
19
80
46
82
73
