14
20
59
23
38
65
7
39
28
88
88
3
47
45
83
86
86
43
87
17
71
61
17
22
47
48
0
98
95
55
79
96
58
68
49
83
49
42
69
82
12
40
62
80
81
9
38
67
56
94
60
90
34
1
64
30
15
48
53
5
44
17
77
86
49
93
56
77
25
49
50
84
88
93
31
9
62
0
54
91
58
97
17
35
92
64
41
10
45
32
74
8
65
13
11
89
12
62
84
66
22
77
56
20
56
60
25
96
89
44
59
22
53
38
30
72
53
22
4
23
36
11
79
81
51
44
51
42
5
73
25
92
57
74
45
7
20
33
50
87
82
76
16
53
9
74
17
41
35
23
92
73
46
91
16
67
85
52
58
36
85
40
59
93
41
16
62
36
52
20
41
17
58
81
1
72
38
65
59
42
71
55
43
19
5
2
82
81
11
32
60
56
88
64
27
31
31
80
30
36
39
37
74
17
56
77
60
18
40
99
45
63
75
43
74
77
86
1
27
1
2
8
60
81
21
40
8
28
98
17
54
99
47
67
5
9
32
58
99
51
91
95
46
28
86
38
51
80
73
28
1
78
9
33
23
92
74
82
38
75
38
7
70
8
59
71
26
88
3
23
30
97
90
91
54
29
49
81
42
96
10
38
63
4
33
77
20
57
30
56
57
91
24
39
1
11
10
1
5
66
65
81
43
17
91
45
69
22
7
2
71
48
77
77
1
38
17
82
76
3
60
91
57
26
99
56
84
37
85
97
23
98
52
46
96
10
60
98
51
19
60
63
69
29
94
87
63
82
65
20
55
74
70
66
62
35
88
66
26
97
89
7
7
14
91
37
85
9
59
45
48
37
89
32
9
2
29
73
33
79
38
74
5
75
50
43
57
57
18
57
49
32
72
86
13
81
15
78
4
49
54
96
13
82
5
23
43
12
53
19
44
49
56
44
1
50
65
96
92
30
18
34
99
58
55
19
65
87
86
74
27
3
94
65
81
19
45
58
18
50
72
76
58
60
89
46
80
10
75
34
1
93
59
24
56
90
86
58
55
40
51
92
62
50
27
45
40
0
12
76
63
69
36
17
53
84
63
4
85
15
56
17
27
26
9
71
65
81
5
63
39
80
67
56
91
4
37
63
74
34
55
53
26
65
90
50
28
17
98
83
5
91
48
21
26
81
25
35
38
22
88
25
82
91
25
42
48
77
0
61
75
79
33
90
54
1
59
39
43
63
53
2
12
23
91
81
74
6
82
17
63
70
58
9
90
89
62
15
37
22
28
21
99
5
42
94
76
41
41
40
46
78
60
18
94
97
69
54
92
1
4
12
51
88
69
39
1
78
97
42
39
74
80
4
39
98
55
41
99
98
69
12
42
50
20
5
54
77
57
0
42
69
64
29
27
88
47
83
6
82
54
27
2
46
2
38
69
19
75
76
41
16
31
68
69
19
28
69
36
94
1
23
78
4
21
34
75
88
18
33
37
41
86
83
58
70
49
19
83
17
70
41
63
26
71
16
49
33
16
73
70
69
87
50
27
17
24
69
82
58
40
96
31
83
60
85
2
41
16
18
0
43
9
2
88
96
33
32
81
16
25
18
46
66
1
59
61
5
64
85
17
26
22
29
54
5
5
29
31
4
16
44
44
8
72
87
62
95
92
72
45
53
43
7
64
79
25
36
64
6
26
3
71
21
45
76
12
1
60
55
93
90
22
5
15
54
65
86
66
3
90
31
81
14
20
8
58
79
20
54
40
93
61
46
45
34
11
53
75
68
46
12
95
7
80
89
18
75
35
9
11
75
45
26
1
16
58
97
34
96
2
60
94
62
37
46
15
74
68
79
13
90
93
31
38
77
67
96
39
33
47
3
91
24
47
29
38
7
17
7
49
2
3
92
85
49
23
63
20
49
90
27
77
72
80
52
93
9
51
17
88
75
39
85
59
93
78
24
18
88
44
49
54
78
79
60
80
54
54
41
34
54
92
94
76
16
20
56
57
46
96
37
72
16
39
70
66
39
31
18
87
81
43
39
58
92
78
41
41
82
11
21
34
53
50
1
92
11
79
86
54
37
37
32
39
6
37
74
26
21
42
76
56
95
35
57
89
7
96
63
4
91
49
39
19
91
3
23
59
34
41
50
68
21
24
78
61
64
8
69
40
44
67
54
73
75
23
56
34
75
21
17
99
18
40
33
35
52
25
30
15
31
37
96
66
99
52
6
43
98
93
3
51
3
82
52
3
79
60
99
18
77
96
45
11
11
9
89
23
23
50
71
78
24
27
65
48
22
12
81
95
44
18
61
96
43
79
85
68
97
49
98
84
73
62
89
73
19
27
38
42
81
88
18
91
67
8
28
16
8
18
79
3
89
19
22
7
8
22
15
86
83
6
90
66
18
44
54
72
8
59
96
77
77
93
47
26
50
71
89
68
69
12
8
58
67
66
83
43
60
71
24
31
3
12
2
86
1
52
15
4
88
72
64
80
35
74
78
96
51
16
40
5
90
43
64
76
29
98
75
81
42
33
93
97
79
74
54
4
13
19
54
17
49
30
96
90
53
39
70
31
24
40
62
62
35
27
54
89
47
16
70
29
52
66
46
67
45
9
70
73
19
69
49
51
69
70
7
80
80
52
0
41
43
67
90
12
87
68
23
69
37
98
16
58
23
92
50
94
72
16
51
97
94
74
13
58
74
51
82
42
27
69
60
41
34
7
69
43
50
26
95
21
67
0
49
1
94
8
34
96
75
99
16
72
19
10
70
75
78
86
19
91
4
77
37
39
8
66
73
74
33
49
46
7
29
17
62
70
13
74
18
51
64
79
17
89
86
41
76
8
79
2
45
16
23
34
61
75
81
16
24
58
48
77
19
61
56
93
30
44
13
78
62
49
14
75
55
45
73
43
26
59
19
28
0
97
81
83
94
81
60
24
69
27
90
81
60
2
46
65
46
68
74
96
54
72
29
56
25
27
23
67
81
79
4
18
40
9
81
83
57
77
91
50
41
60
44
35
91
54
32
40
68
78
7
16
49
55
32
13
19
25
74
51
1
64
52
43
22
9
64
15
90
24
85
47
11
14
45
29
61
29
62
86
22
89
77
18
84
78
97
58
49
64
74
1
6
11
90
24
49
97
6
12
20
93
70
22
95
5
94
57
41
40
64
40
80
6
99
10
83
62
47
4
84
71
92
26
11
74
26
31
98
12
82
88
77
88
50
8
13
60
14
45
24
37
90
29
8
49
70
68
46
1
58
43
47
60
36
51
61
63
27
72
63
59
60
68
3
93
40
56
10
36
62
66
83
34
29
62
36
93
77
47
40
1
74
25
94
80
41
30
13
21
71
6
22
18
89
4
23
80
38
66
57
37
77
88
96
98
7
30
67
91
29
29
59
24
23
0
46
62
72
40
52
8
5
37
78
76
85
40
64
21
79
59
98
58
48
83
11
73
97
94
57
47
86
88
37
84
49
20
29
19
24
9
17
64
17
82
68
50
99
27
56
69
55
18
97
24
55
27
30
83
84
60
11
8
42
21
82
68
96
76
57
31
89
45
54
5
27
80
51
31
32
71
73
62
70
88
83
59
29
16
91
60
70
43
72
3
76
24
24
97
8
16
50
54
1
91
77
83
95
15
7
68
3
35
24
14
32
40
19
2
54
14
63
49
97
37
28
55
82
25
69
9
69
69
90
47
57
29
4
11
85
32
68
73
41
30
33
48
66
82
1
42
11
72
94
40
95
54
36
49
80
36
15
50
31
46
79
26
84
66
71
92
93
67
23
22
29
14
55
80
94
55
26
23
36
28
16
31
74
42
94
45
71
45
44
22
14
75
77
53
95
5
44
30
99
23
79
58
0
5
44
3
29
58
53
84
4
28
0
69
20
86
24
79
43
32
4
75
98
93
34
82
69
16
21
97
31
12
12
62
97
80
58
99
51
64
22
98
35
22
91
58
31
18
26
54
31
85
33
40
0
24
72
94
28
33
87
9
25
34
86
73
61
35
46
78
52
20
81
36
34
0
65
11
29
8
22
35
4
15
17
89
14
70
34
40
92
57
2
34
33
30
78
61
35
58
47
86
44
82
59
31
89
31
66
66
96
2
82
25
69
52
73
23
17
85
56
85
90
20
42
49
7
68
55
55
68
89
75
73
36
31
95
59
55
51
98
89
91
44
37
45
67
14
57
56
77
61
51
93
13
14
74
16
87
98
93
94
68
76
16
46
98
38
17
32
1
4
8
42
21
45
76
51
97
66
61
78
67
41
2
19
14
43
95
33
65
62
89
52
38
79
71
90
79
96
34
5
90
86
49
99
96
49
26
91
8
65
32
44
37
61
89
48
33
23
81
83
90
96
30
98
62
66
0
59
4
48
64
31
79
85
25
67
31
29
11
12
99
73
75
62
4
6
4
24
61
10
72
66
76
91
48
47
25
48
59
83
31
54
45
61
95
76
16
46
46
32
67
10
11
19
26
48
89
47
20
2
46
27
52
75
28
71
87
72
87
31
55
56
46
83
9
60
79
69
33
73
48
7
62
23
31
27
77
30
10
85
28
23
22
24
32
64
31
5
0
13
79
69
29
40
59
47
43
76
54
94
57
26
67
49
73
1
8
1
40
77
49
43
84
6
94
23
65
7
99
32
54
5
26
75
61
42
96
64
90
45
25
9
64
71
90
46
87
53
57
96
90
59
8
61
49
85
32
62
11
82
97
49
81
1
71
58
3
2
23
24
53
74
0
44
70
31
61
3
41
98
35
90
4
2
89
16
98
82
36
15
42
23
22
83
18
9
27
4
26
81
34
15
53
15
18
44
67
30
56
87
90
97
14
58
74
21
10
27
91
57
49
63
45
81
92
87
8
73
41
86
76
25
75
96
44
38
83
29
30
20
99
75
74
90
53
7
36
24
17
67
29
83
36
42
25
49
73
79
87
20
82
16
55
4
12
67
73
17
36
35
32
29
90
74
49
64
92
26
93
79
9
11
42
84
84
84
31
13
79
42
15
14
89
34
67
69
48
57
52
25
33
70
97
94
57
73
23
32
76
68
74
34
1
47
32
8
46
57
96
6
36
61
77
5
43
23
78
23
34
5
86
97
65
66
77
13
56
30
9
82
65
31
47
42
43
16
98
70
62
17
23
81
62
42
96
39
51
73
91
37
36
19
34
6
37
31
27
84
27
60
78
89
14
92
76
10
26
77
5
31
74
27
42
49
55
65
20
32
98
38
57
4
17
88
4
96
80
5
93
66
30
60
35
58
44
63
29
34
73
83
32
23
77
53
30
38
54
41
54
38
24
88
13
93
9
60
73
66
30
63
49
63
70
24
82
21
78
84
9
66
22
93
87
33
49
93
75
56
2
86
73
18
48
57
82
5
87
65
23
49
93
27
95
95
85
60
73
5
81
39
77
18
20
99
86
38
74
97
29
27
49
37
89
95
94
90
66
71
21
22
92
17
6
15
9
99
68
27
0
87
48
71
73
50
75
34
42
21
53
87
96
40
22
25
34
15
47
72
47
38
6
80
0
65
16
8
61
33
63
41
93
83
4
10
5
42
15
38
26
67
86
48
31
10
69
10
9
19
7
65
78
69
42
49
53
10
25
50
73
95
90
47
2
32
8
2
88
91
64
13
94
24
64
73
79
60
61
9
49
71
81
78
83
21
9
57
89
96
25
69
94
36
94
8
10
91
1
53
28
52
58
41
23
87
28
80
40
16
8
81
34
82
73
55
54
35
43
50
35
50
45
25
35
76
25
56
69
47
82
17
75
61
41
34
24
34
69
85
5
13
89
75
44
9
16
15
46
60
96
83
4
33
12
90
95
71
37
68
52
46
60
12
74
90
97
87
57
34
19
6
68
16
0
18
8
80
42
36
29
82
56
21
59
60
67
88
5
37
20
96
46
86
95
68
12
87
10
84
30
38
28
98
87
15
61
67
53
10
46
97
33
91
47
66
20
21
66
83
38
35
15
78
23
43
46
6
83
45
64
98
40
44
9
85
35
80
92
61
56
88
49
33
38
54
37
74
39
78
36
26
46
24
39
60
12
50
85
58
57
62
19
80
54
81
5
86
12
69
53
32
31
5
38
30
94
27
86
95
60
11
37
35
81
15
46
26
79
55
57
52
31
32
75
70
92
72
53
63
65
80
92
13
24
50
18
58
39
15
42
80
40
93
6
96
66
38
74
11
22
82
94
99
20
14
16
77
70
66
20
18
52
80
61
55
98
47
85
14
74
28
73
22
30
4
67
51
14
89
49
15
21
30
83
45
78
0
94
29
33
3
84
88
43
38
56
94
70
16
65
98
47
36
20
39
51
28
75
46
5
2
33
43
98
76
49
69
63
94
26
0
76
98
97
50
74
36
53
79
91
24
29
86
2
17
53
95
74
92
19
70
83
54
41
6
95
51
83
50
48
52
6
17
96
44
52
98
43
79
68
98
73
48
95
98
39
57
17
92
7
93
18
11
40
46
28
49
95
84
25
90
97
27
67
73
59
57
44
33
85
96
89
6
72
47
47
58
97
35
49
17
82
6
72
89
75
5
28
31
67
67
13
71
2
73
6
26
83
68
22
51
19
18
5
67
1
34
18
62
17
16
91
7
51
84
99
24
89
30
80
80
66
27
12
66
98
68
9
19
75
18
74
31
58
61
62
93
58
53
96
66
87
30
4
8
75
43
36
56
14
87
20
69
92
82
89
7
58
75
97
21
4
15
95
35
46
41
81
89
90
20
28
49
90
63
37
24
77
83
30
24
13
72
79
89
53
53
94
42
94
34
19
31
72
54
54
70
50
30
34
43
6
6
70
41
4
73
8
82
90
43
27
2
24
3
7
21
57
51
35
91
26
98
5
82
65
80
22
27
39
57
46
90
92
95
39
24
51
26
31
62
16
8
7
4
77
90
79
92
81
78
89
58
6
81
89
33
55
17
67
68
18
88
99
62
67
29
27
43
8
97
36
85
33
29
87
80
45
35
87
70
40
99
23
43
57
25
57
64
28
76
58
31
80
9
7
99
83
62
41
11
90
54
33
98
4
55
94
36
28
52
31
60
71
77
14
29
88
56
7
72
78
26
75
1
44
95
4
18
41
83
14
98
67
66
24
49
46
74
9
17
66
28
23
33
21
89
38
10
99
20
57
8
68
2
41
3
45
54
43
27
75
31
69
21
1
99
55
39
42
21
88
88
86
43
35
50
6
43
42
84
66
12
13
21
91
30
53
31
42
46
25
49
64
67
67
96
9
43
76
60
24
53
18
63
77
90
99
82
10
74
50
53
80
21
2
30
69
83
82
22
12
48
8
0
57
15
11
90
55
41
29
74
36
14
71
90
51
47
63
65
21
7
91
23
2
29
95
31
56
4
85
76
95
94
22
73
36
34
74
25
63
48
57
75
71
88
13
35
76
52
95
40
44
34
61
71
32
29
26
5
56
55
66
92
70
42
18
15
32
69
84
72
52
79
15
35
44
50
53
65
11
31
87
62
54
66
63
69
38
94
14
19
7
49
20
20
91
75
91
26
25
0
87
38
3
87
85
29
87
32
45
88
41
82
71
64
84
96
86
49
48
47
46
30
95
42
11
27
48
1
23
95
71
90
38
53
56
57
34
61
80
96
1
27
26
4
23
41
96
36
97
3
5
12
80
89
7
9
40
16
94
48
85
57
83
96
19
43
7
90
50
16
92
80
68
28
10
86
71
14
84
65
81
11
38
97
35
37
76
99
98
33
44
28
40
77
0
85
22
69
20
21
1
89
34
92
51
77
17
34
28
82
20
52
45
53
87
58
3
44
24
95
46
8
88
66
98
30
19
55
20
72
22
57
18
21
99
34
93
7
34
34
80
25
18
49
62
0
4
12
20
21
33
30
8
26
80
0
30
89
58
4
17
54
58
49
91
95
13
12
27
30
14
20
28
44
60
91
95
42
0
54
90
41
19
84
51
15
37
32
8
52
31
20
8
76
48
90
87
39
98
86
16
27
29
38
40
38
73
23
89
49
73
47
61
42
88
5
20
83
15
17
3
54
5
73
14
22
84
5
90
50
25
13
9
44
79
35
89
35
21
0
15
55
85
53
73
12
90
60
34
82
2
35
41
44
69
84
78
79
89
95
16
15
75
61
58
37
56
15
5
52
5
87
66
34
53
43
6
74
4
93
33
28
69
66
89
57
30
56
80
45
64
98
37
51
50
74
34
64
75
35
18
48
72
0
14
7
8
42
84
12
82
38
63
85
17
47
83
46
84
3
30
3
1
44
93
1
4
19
45
76
93
73
22
32
46
95
58
30
28
8
43
19
61
61
81
16
58
4
3
65
7
74
57
60
28
48
52
93
1
21
44
25
62
19
59
91
84
87
2
51
91
99
3
6
76
83
74
99
92
71
69
13
16
9
32
26
73
10
11
60
47
80
43
98
97
56
95
30
92
85
59
78
98
57
96
45
75
23
27
96
43
83
45
19
98
23
9
19
51
62
52
21
12
83
61
25
4
8
12
92
0
96
29
55
17
64
10
85
3
10
71
93
58
20
23
94
25
17
16
52
95
45
36
61
71
47
54
24
53
11
20
73
92
42
31
25
55
23
33
78
98
80
68
64
94
2
47
83
25
74
38
25
85
50
99
91
29
3
3
52
21
85
17
26
98
96
73
86
45
86
58
46
10
32
78
18
95
94
73
61
39
43
98
90
69
44
77
99
16
57
80
9
40
50
57
58
96
1
53
61
87
14
47
52
23
83
34
51
69
34
85
4
42
28
13
51
62
9
3
30
26
58
40
83
33
55
46
78
81
79
92
73
5
61
53
65
15
73
11
71
7
72
68
49
78
97
71
48
53
96
75
59
59
29
40
14
34
47
35
65
78
83
36
79
27
57
93
79
0
49
30
62
94
31
60
99
44
29
63
61
62
62
34
35
21
4
31
86
37
54
3
99
74
60
1
3
60
1
93
13
77
44
59
60
66
19
6
67
15
76
45
30
41
25
85
81
78
40
10
91
31
68
12
73
61
23
43
98
94
73
30
84
11
54
21
73
15
76
34
80
11
88
18
42
86
82
6
57
57
20
12
85
63
77
45
50
87
8
48
26
47
97
33
3
45
46
29
45
72
62
37
70
24
75
58
7
88
14
63
32
6
46
70
39
27
49
2
55
8
83
75
44
7
1
96
91
23
9
70
3
11
29
81
6
87
90
36
15
44
40
10
14
2
67
52
3
97
25
7
71
73
27
2
55
4
66
49
71
89
55
52
84
66
58
67
83
79
60
40
3
10
24
1
45
24
38
56
59
78
8
52
66
29
48
73
45
8
50
26
31
84
3
17
85
70
92
8
10
48
82
24
23
10
14
74
7
56
73
61
88
50
53
52
65
85
92
17
57
40
99
65
12
78
46
6
92
15
55
78
6
63
56
61
80
40
91
51
80
79
85
5
83
32
26
49
11
40
25
85
38
0
88
36
13
98
31
97
66
72
75
19
55
71
49
82
32
79
5
74
67
24
9
36
42
98
38
70
29
54
12
46
34
92
61
57
79
45
24
42
55
50
80
61
6
48
90
12
40
44
18
37
28
63
62
55
10
90
58
31
10
51
64
28
43
31
30
35
49
49
27
81
51
41
98
66
86
54
43
98
91
99
28
14
80
88
44
86
67
45
8
48
14
11
2
22
74
3
79
1
43
73
56
88
30
29
26
68
56
78
7
26
47
11
49
91
94
96
22
32
8
43
26
2
86
95
10
85
36
82
45
73
2
45
8
74
28
62
79
45
27
27
15
24
51
58
97
71
67
21
5
46
55
27
27
47
93
50
15
0
75
72
71
46
69
98
79
45
73
3
20
3
95
73
39
85
10
42
42
54
89
86
97
75
27
14
55
28
20
49
78
47
4
59
21
27
33
78
33
29
32
45
51
12
93
93
86
92
10
36
45
87
39
32
53
32
43
44
58
45
38
74
79
64
55
5
43
90
49
20
65
15
15
44
72
67
41
46
89
22
69
60
55
80
75
85
2
88
17
33
48
26
43
27
21
32
3
52
97
82
82
85
80
30
0
24
93
7
65
12
48
63
48
17
83
48
41
40
72
40
99
49
21
43
56
28
61
94
54
77
51
83
10
71
45
75
72
92
83
66
39
67
34
50
95
29
0
63
33
25
98
51
22
79
38
85
33
35
14
3
