80
57
21
0
66
40
60
25
38
63
34
8
61
63
20
66
12
13
92
55
37
55
33
28
32
73
64
21
0
81
85
46
28
72
77
83
93
44
76
82
72
58
62
69
80
1
51
0
38
61
5
30
11
39
43
13
40
66
16
3
4
39
0
97
38
98
83
6
65
88
32
33
71
10
78
24
98
44
71
89
34
35
61
71
32
20
7
54
23
65
96
80
89
35
59
16
21
8
67
82
36
64
81
5
70
98
48
9
92
71
29
64
8
21
85
98
65
99
69
6
0
39
69
93
87
83
89
92
10
88
8
86
5
55
86
90
90
2
73
7
12
91
4
5
31
13
21
24
10
44
29
33
3
19
55
2
83
81
5
71
72
48
11
3
87
91
50
32
26
10
36
2
71
40
88
19
99
34
76
1
23
59
3
63
89
9
17
2
3
57
69
62
84
68
95
96
39
78
99
51
31
99
66
0
53
77
1
68
53
29
3
40
88
11
80
12
61
37
64
33
7
89
13
70
40
74
38
18
78
29
72
95
43
40
71
82
21
80
59
19
40
33
42
46
60
94
67
88
52
24
23
40
69
7
51
89
55
68
13
88
78
79
78
80
57
54
59
22
1
79
27
88
48
98
64
18
97
66
88
63
57
25
60
78
20
84
24
1
94
14
75
71
4
78
43
10
62
43
17
56
24
39
3
35
22
16
90
25
85
3
26
9
96
68
76
20
40
4
49
20
20
86
62
43
24
88
1
33
1
89
81
11
81
32
5
84
62
36
79
34
54
43
20
14
66
54
10
58
92
3
81
40
10
30
87
51
54
54
98
81
95
11
17
56
46
1
40
95
90
29
12
74
42
88
83
59
26
42
92
15
22
56
12
39
79
21
26
84
29
71
0
31
22
90
31
3
1
28
20
8
61
3
53
96
58
43
4
26
69
60
39
84
0
36
38
75
75
3
34
81
79
29
26
13
65
17
12
78
44
35
53
91
92
10
78
77
38
32
64
16
18
4
23
44
59
11
15
94
99
17
24
30
3
62
52
4
93
44
31
96
41
39
3
80
69
3
50
13
39
79
10
97
33
95
83
39
47
65
80
38
26
98
23
68
52
19
83
36
9
15
33
51
5
83
3
88
95
41
74
3
78
68
82
62
75
88
32
7
20
54
59
94
52
78
40
51
36
32
65
2
74
3
90
19
24
45
87
73
51
92
69
31
34
34
24
65
23
87
33
33
86
41
6
9
10
13
99
62
9
9
24
92
3
67
37
65
26
43
49
92
56
77
84
38
18
26
4
83
70
13
31
91
61
23
96
5
96
40
95
34
44
93
99
11
20
67
27
17
79
30
96
37
31
63
47
32
54
84
14
33
7
21
6
53
57
24
33
77
61
74
69
78
85
65
94
84
30
63
20
54
74
10
36
12
15
14
69
44
9
15
87
69
39
23
30
99
42
32
45
25
81
47
1
11
76
85
85
81
40
60
75
40
25
38
22
54
48
23
20
34
45
73
38
52
40
23
86
95
35
6
96
4
76
64
63
41
37
25
32
43
87
77
93
48
3
99
56
89
91
96
93
71
96
20
74
87
41
86
3
4
6
27
43
56
19
64
6
59
60
21
63
31
66
34
65
6
75
38
12
82
7
47
43
75
16
17
73
24
51
75
52
44
41
71
85
72
78
87
94
29
45
92
43
51
81
4
9
41
22
69
40
22
1
68
0
85
79
87
99
41
25
90
54
11
25
18
94
12
12
17
81
44
0
75
31
33
45
78
59
62
89
56
54
91
4
53
28
34
34
4
6
48
48
12
45
26
23
36
10
80
9
71
81
31
60
54
71
24
5
44
59
12
94
1
9
39
77
36
61
53
85
54
55
91
70
79
8
53
5
12
29
52
42
40
31
55
47
21
55
15
90
42
10
28
98
22
34
32
46
4
45
83
80
70
75
57
22
9
76
59
36
91
59
48
10
60
94
88
39
43
95
68
3
73
40
65
89
60
87
44
14
65
12
55
47
60
93
21
21
26
69
60
4
73
0
64
21
84
63
21
61
93
43
2
88
28
69
32
87
19
62
41
10
68
72
46
61
80
1
93
94
24
22
89
0
66
65
96
60
99
2
55
13
88
88
88
82
87
68
80
95
98
69
57
60
12
95
43
20
53
91
96
10
77
64
38
14
37
9
84
14
81
22
9
75
41
37
48
72
31
74
18
91
63
90
95
40
5
25
23
98
12
99
57
36
92
55
66
57
91
60
80
68
82
80
71
95
95
77
17
51
63
59
74
50
80
76
38
45
80
16
66
21
69
86
42
68
74
35
2
56
84
58
48
65
99
80
27
65
28
42
11
14
59
26
71
7
18
27
32
71
88
50
63
55
88
26
18
79
42
51
93
93
48
27
41
85
31
1
62
25
21
28
49
1
67
36
29
28
73
32
12
35
1
99
14
18
69
81
85
8
4
63
96
34
83
27
93
37
14
96
51
95
46
69
45
65
96
56
97
19
4
73
29
56
19
53
72
8
71
82
87
83
24
61
86
80
96
35
9
24
61
4
15
51
95
34
42
81
93
31
31
45
48
48
53
90
3
30
73
6
43
37
20
29
3
78
44
4
96
46
13
67
98
87
41
16
52
76
16
26
54
25
62
18
45
52
11
70
28
78
68
48
5
18
44
10
4
93
1
80
99
56
86
1
31
67
71
3
44
78
31
35
48
5
22
26
39
28
39
51
62
90
81
62
69
57
91
65
87
64
38
1
89
81
62
35
8
60
45
77
48
80
7
65
53
21
57
65
90
39
41
54
65
70
42
75
70
75
97
62
52
0
66
47
86
33
79
76
95
99
12
48
56
42
96
14
11
38
60
35
65
34
16
14
58
62
64
1
97
11
62
13
68
33
26
45
13
96
75
32
58
52
55
57
3
88
58
13
98
23
61
96
41
54
2
48
68
17
61
31
22
56
30
87
74
42
26
57
35
67
43
64
65
83
35
36
27
38
61
95
57
18
92
52
74
96
26
95
92
44
73
4
25
32
25
60
22
68
21
34
40
68
32
67
30
47
16
1
54
17
13
47
47
32
80
82
0
71
28
3
84
38
52
2
30
99
31
91
29
99
59
51
80
9
48
13
39
53
21
32
89
56
34
6
71
56
2
92
39
66
44
77
70
85
32
47
20
79
72
40
26
66
57
70
22
5
73
59
15
36
14
73
88
67
64
66
94
11
90
80
26
83
50
8
65
7
4
40
92
21
76
15
17
2
43
73
55
80
5
81
50
6
21
88
54
14
32
22
6
5
54
63
66
18
30
52
46
72
10
5
6
58
47
73
42
54
28
33
51
50
34
9
57
56
67
16
44
5
84
15
74
33
29
21
95
89
49
58
8
9
6
50
94
9
74
30
38
27
45
90
82
32
91
94
11
1
58
95
46
28
85
72
82
40
57
47
77
46
93
98
27
82
45
63
67
90
43
65
96
13
73
84
43
80
27
25
68
27
30
83
56
64
47
6
71
6
46
19
95
79
79
59
19
46
18
64
62
1
79
26
48
8
69
71
92
92
60
40
84
51
38
89
78
39
95
0
4
14
93
33
90
2
67
85
45
55
82
85
11
30
63
6
75
15
88
15
71
15
57
67
96
20
15
70
27
55
27
38
89
37
6
43
2
50
53
24
3
66
77
62
78
89
57
96
95
39
15
12
73
49
42
60
63
51
20
20
9
59
29
53
86
55
0
80
75
83
6
29
40
66
82
2
43
7
10
96
31
67
33
22
21
58
78
46
61
68
66
28
50
91
7
92
0
35
47
60
1
69
88
60
33
85
89
75
21
95
79
47
52
72
99
96
89
75
79
22
3
31
60
38
94
72
22
68
62
46
32
78
11
25
24
92
48
76
80
11
9
4
18
92
8
82
12
24
55
26
88
46
0
3
59
66
11
72
39
16
25
52
87
12
50
61
3
81
12
2
72
31
3
28
5
96
22
1
41
52
88
37
53
18
88
72
7
79
75
57
68
84
67
8
63
76
62
67
71
31
13
72
59
40
43
35
10
22
70
48
78
78
48
59
54
48
27
48
55
31
87
33
35
1
62
7
41
47
3
42
5
63
80
42
73
36
85
35
59
23
48
15
18
80
46
36
83
79
90
29
11
41
87
62
95
2
73
88
20
17
64
38
50
41
7
51
57
56
84
49
58
81
5
68
65
63
16
32
28
24
68
75
64
0
59
11
55
92
1
13
53
78
66
35
60
0
45
0
72
72
85
6
41
83
52
77
8
87
64
7
45
93
45
20
2
29
46
48
69
22
60
31
63
54
77
74
65
32
7
37
49
19
96
21
23
71
17
3
23
64
23
42
58
94
22
78
84
81
2
10
15
92
12
9
91
21
45
89
96
70
15
49
85
35
28
30
59
85
9
93
85
90
65
75
83
46
50
33
78
62
21
51
11
31
65
41
97
55
46
38
16
33
92
21
76
23
67
1
79
53
71
40
87
44
1
84
24
77
77
99
86
17
63
41
8
38
93
24
59
88
63
56
47
69
54
21
93
42
75
74
86
84
7
12
36
24
76
24
5
12
11
82
97
50
30
35
14
10
74
70
72
31
21
67
15
55
49
28
12
54
1
62
32
85
46
20
20
45
74
67
74
94
17
78
21
77
84
73
24
34
83
30
6
54
0
79
46
54
90
83
18
93
37
75
8
77
62
81
65
74
67
41
31
67
14
81
98
14
67
35
40
2
60
9
73
35
56
60
63
19
44
70
66
64
82
27
24
35
61
63
76
36
47
75
37
88
86
57
95
88
96
93
17
59
90
82
66
72
24
19
89
5
96
88
25
56
46
45
11
24
95
13
56
52
81
3
98
16
50
42
69
97
58
44
11
48
48
6
97
55
90
10
38
88
48
34
23
63
11
57
17
47
58
28
98
88
10
99
27
36
84
6
88
35
72
26
34
18
66
45
5
57
60
51
89
85
22
92
27
50
38
19
46
68
16
64
93
57
58
94
84
19
58
74
86
8
9
69
74
64
61
79
63
34
79
1
50
76
93
21
66
9
30
83
86
80
48
72
19
55
5
20
86
22
52
93
54
26
94
28
55
75
20
63
18
90
46
8
77
83
50
62
3
15
89
58
93
34
87
81
96
30
51
73
3
92
80
85
10
98
43
47
29
65
23
1
62
1
59
77
50
4
16
94
47
74
33
27
63
43
16
19
29
14
99
69
21
49
44
43
30
73
83
75
12
81
62
3
5
15
24
78
33
51
51
82
45
61
39
61
60
74
71
57
13
34
2
9
42
70
24
75
99
93
72
78
20
72
34
51
52
3
86
61
14
31
79
58
86
15
27
66
16
23
40
8
5
68
84
91
4
50
42
36
97
71
44
85
37
85
98
6
6
27
24
96
57
56
21
82
85
66
44
38
59
83
24
47
41
38
8
33
77
25
88
11
43
43
8
13
71
93
46
19
76
21
32
1
22
31
16
77
15
64
56
15
9
85
33
83
8
26
68
78
47
24
41
79
9
8
12
85
22
30
46
3
41
39
84
27
77
15
8
56
71
98
73
62
43
82
73
0
43
70
10
38
52
59
13
85
28
12
11
65
63
67
51
78
31
19
57
62
66
65
5
70
46
16
44
76
15
21
36
58
17
75
47
98
30
16
49
89
0
30
79
97
80
41
4
91
66
42
51
43
93
64
16
41
27
38
92
4
42
46
33
4
78
74
79
60
55
89
32
27
12
77
30
66
54
75
94
19
63
36
26
44
66
72
96
18
51
56
47
42
0
82
64
43
28
25
81
10
37
38
98
90
69
7
12
42
29
54
43
82
45
57
21
15
61
6
73
88
94
86
31
10
90
68
49
34
60
89
87
10
71
66
75
75
14
30
11
11
14
97
85
43
65
69
90
55
42
5
8
25
99
16
5
24
46
57
96
79
97
17
87
74
20
9
60
61
16
83
10
44
95
68
43
31
87
60
39
72
14
18
0
22
14
46
97
68
81
68
94
35
60
87
18
17
94
48
68
77
54
54
76
41
25
0
82
78
42
34
52
46
7
20
85
2
4
19
87
23
84
14
94
37
12
42
35
84
64
70
39
71
61
23
90
62
53
4
24
91
26
14
87
17
62
19
52
2
9
57
6
64
61
18
49
35
79
21
16
97
50
28
6
74
28
98
7
47
5
81
83
43
29
14
70
70
59
76
71
58
0
78
11
86
26
64
5
34
73
66
75
1
4
33
64
95
96
75
73
64
3
30
3
46
96
16
74
63
59
10
12
37
30
19
86
55
25
89
52
53
35
39
57
65
82
89
13
78
69
30
94
94
61
15
30
35
45
62
23
86
64
42
23
96
62
53
63
63
24
88
18
49
84
34
2
68
87
77
97
75
78
98
91
92
57
53
90
39
40
10
97
22
52
3
22
23
56
38
25
72
21
45
73
46
13
53
93
22
49
12
13
93
99
85
44
98
1
31
30
21
24
17
19
87
61
81
35
97
94
79
42
19
82
5
35
24
98
17
52
59
67
75
64
60
13
53
9
8
75
6
79
95
38
55
51
65
89
93
85
48
37
20
52
5
82
15
31
82
74
38
89
7
89
93
50
2
56
0
54
62
14
93
28
11
53
24
75
36
66
86
12
29
40
44
3
29
36
80
53
96
97
88
57
79
67
7
32
41
75
56
42
76
69
72
21
65
66
56
20
41
94
69
17
91
97
1
1
79
46
15
34
64
72
19
79
53
85
35
37
17
34
30
98
95
46
32
58
54
17
43
37
27
71
73
19
56
36
98
36
11
99
29
9
76
59
43
57
83
68
24
5
24
98
30
10
98
84
4
79
70
40
20
7
6
35
94
94
56
58
18
30
25
18
41
42
32
49
91
5
64
14
43
52
4
83
56
77
16
67
65
93
1
66
25
59
30
53
57
87
28
2
3
69
46
5
87
93
6
11
5
28
48
0
74
91
77
96
96
85
59
14
58
91
78
93
9
63
71
92
61
73
52
77
7
5
28
23
16
67
64
24
95
26
36
30
85
61
37
10
86
76
91
11
47
14
26
49
59
83
29
54
15
28
60
19
67
84
89
32
99
67
62
69
27
75
26
40
99
18
42
8
58
7
38
61
41
40
68
51
56
21
49
46
86
44
87
43
52
92
12
20
60
10
46
57
95
90
19
91
60
91
8
15
75
89
73
84
23
91
5
35
69
43
5
67
87
26
50
89
68
42
9
27
56
90
50
69
4
80
28
85
29
74
96
2
95
20
89
80
34
95
33
84
20
14
39
7
37
1
41
22
52
70
72
52
19
45
94
24
94
73
24
67
89
73
70
78
12
54
9
57
49
74
72
31
30
22
90
45
12
21
79
50
64
72
29
93
64
78
56
83
17
73
63
82
12
52
90
55
88
8
69
51
53
98
25
11
3
39
98
93
9
63
21
52
59
91
41
81
99
26
18
98
81
59
85
88
59
49
95
96
61
2
1
14
61
98
13
84
46
36
23
11
3
21
11
45
91
17
43
56
4
99
32
20
14
5
43
66
78
54
90
53
88
48
37
62
41
94
23
64
85
34
82
87
26
5
64
0
11
24
82
55
16
95
99
49
15
29
55
37
83
83
11
59
21
13
49
23
86
55
4
60
51
9
33
81
71
23
13
26
2
8
20
16
75
54
87
78
74
40
99
71
92
26
41
29
60
34
74
1
19
92
56
79
31
77
58
25
90
25
21
30
38
87
93
68
24
18
36
51
62
93
2
10
29
93
29
16
97
99
79
92
24
65
26
34
91
33
20
55
5
85
29
93
41
83
7
75
83
53
69
55
18
58
55
88
1
31
78
72
32
48
96
64
94
3
51
32
33
87
27
87
6
86
77
50
32
73
59
61
24
66
55
62
39
69
9
95
40
88
1
64
80
28
5
34
48
28
91
95
59
77
63
73
81
37
25
14
39
77
10
94
56
18
46
81
54
71
77
57
3
1
10
85
55
13
94
72
35
86
29
59
3
0
44
9
13
13
72
37
26
99
47
7
71
67
65
0
81
36
4
52
1
77
89
46
92
33
99
87
46
29
58
93
14
59
23
75
22
70
95
9
41
22
6
26
8
79
17
18
53
51
19
47
27
0
21
84
38
81
89
3
58
75
74
56
28
88
23
7
25
12
29
17
36
56
79
76
63
78
53
48
66
74
1
13
80
30
70
14
94
12
66
57
98
42
52
85
21
33
75
30
77
16
71
75
59
67
18
97
29
62
54
97
16
67
42
16
68
88
74
13
28
68
80
87
30
82
5
80
5
15
85
50
43
36
13
15
62
36
95
50
65
57
68
10
50
18
26
95
16
61
55
8
65
59
38
58
7
81
53
64
7
46
97
68
50
75
10
55
24
42
95
73
71
54
58
50
94
41
89
86
51
65
22
32
19
66
80
11
20
45
23
34
57
33
85
8
66
82
84
16
59
15
13
20
76
5
34
38
19
59
51
73
94
69
62
80
15
97
26
92
86
25
80
53
78
42
62
95
12
15
84
88
73
13
0
61
23
15
9
30
64
15
85
7
84
16
60
57
12
51
49
87
88
25
64
21
49
63
37
19
87
37
69
79
15
41
2
18
33
11
6
8
51
66
53
62
97
82
44
6
52
74
95
6
66
30
22
83
39
85
9
93
4
20
77
0
17
18
87
1
65
25
43
55
70
20
29
61
2
11
97
64
42
28
86
83
53
70
3
27
81
3
10
46
22
41
56
72
44
46
81
88
48
26
17
33
86
24
96
24
66
36
16
43
73
26
89
36
64
0
31
8
41
11
68
8
25
18
60
34
66
39
97
45
61
9
51
62
35
28
66
63
46
92
81
58
67
43
48
71
16
85
45
35
20
51
35
25
26
62
83
27
91
22
8
2
84
34
54
55
25
78
88
22
21
99
40
53
46
5
71
15
16
11
30
99
38
8
87
79
4
54
66
2
49
79
65
70
2
21
58
76
84
95
16
29
71
2
60
1
15
30
71
31
44
13
5
85
27
86
25
92
12
88
0
84
47
42
8
48
26
43
34
32
16
38
32
40
45
12
65
90
83
51
30
73
17
7
95
37
90
40
99
50
17
43
34
60
37
42
45
82
64
87
7
84
9
85
62
51
14
25
65
15
60
32
6
16
18
2
72
26
61
0
3
55
28
71
96
27
26
8
88
71
73
89
49
71
78
62
4
34
35
33
17
45
95
56
6
72
72
56
76
88
3
24
72
78
87
68
61
77
32
48
34
11
85
65
67
29
29
90
6
2
23
57
8
71
36
21
66
88
6
92
58
28
35
73
2
14
57
47
82
61
69
66
85
89
38
96
18
64
64
29
34
61
59
24
48
70
86
61
54
34
72
15
99
69
63
55
38
53
19
7
70
71
2
86
31
79
34
17
26
13
37
75
29
72
94
22
86
73
79
57
94
9
63
11
42
76
85
73
66
34
68
5
87
0
79
67
63
64
21
60
62
67
62
87
56
55
80
8
42
37
90
36
3
1
22
59
24
41
90
16
84
53
29
11
87
80
17
38
81
32
26
94
91
72
72
78
77
55
74
12
55
25
34
16
27
2
54
47
49
11
54
52
71
49
44
79
70
42
62
3
77
83
21
30
77
56
83
16
14
46
39
24
58
