29
66
45
88
77
65
67
67
65
1
88
86
34
83
57
85
62
13
14
0
67
95
46
90
49
60
37
95
42
54
33
63
83
70
20
78
24
18
19
89
77
81
15
62
88
43
74
28
94
90
5
13
57
81
77
69
72
28
73
36
15
21
69
41
87
90
77
56
46
43
37
70
88
27
25
70
49
15
94
74
27
83
40
48
0
62
63
9
37
77
9
33
6
95
78
45
69
36
66
53
23
48
0
36
26
12
37
19
70
28
37
40
99
23
37
65
3
76
25
32
10
38
25
52
38
92
19
29
70
36
53
70
90
85
78
65
60
66
3
93
66
22
46
40
56
91
79
31
27
17
39
15
12
24
86
30
63
80
30
3
48
88
14
90
99
22
13
92
40
40
47
64
98
37
86
4
13
46
23
83
59
95
97
47
64
65
63
98
38
23
61
62
52
90
51
74
75
51
6
90
11
71
69
3
37
37
14
59
66
48
91
68
96
47
6
95
48
48
0
13
50
65
9
78
6
94
94
82
46
99
93
21
46
49
86
11
60
46
27
5
18
34
6
95
65
17
23
39
81
47
17
18
65
98
94
19
2
51
34
78
3
40
22
71
43
22
53
11
50
71
76
58
95
99
40
16
67
18
20
7
44
58
63
39
60
25
19
9
17
25
88
65
6
28
92
78
52
17
99
48
40
46
4
74
24
72
26
50
73
91
53
27
7
33
1
30
9
56
98
93
81
89
30
95
28
1
80
76
15
78
58
58
69
46
22
6
49
80
75
10
8
27
98
28
44
49
31
31
32
93
5
13
79
98
86
78
1
13
26
96
86
6
76
88
6
42
27
21
62
47
63
64
64
85
46
0
13
98
66
60
4
66
21
59
48
1
12
48
88
73
6
18
51
56
77
35
18
75
23
18
79
50
54
95
91
37
70
37
32
95
45
7
30
29
89
30
50
61
86
70
66
65
27
15
4
64
35
59
94
93
9
59
71
52
17
4
36
42
86
94
35
8
72
44
13
75
51
50
51
87
90
35
34
29
51
81
51
55
4
24
46
37
15
76
96
86
15
95
21
14
6
47
12
33
71
0
70
28
21
27
25
53
31
76
33
61
24
38
70
93
35
89
33
85
55
63
77
71
80
28
46
3
57
80
74
51
11
31
8
60
76
38
58
94
18
13
38
97
67
93
19
56
24
86
76
34
66
45
38
84
97
78
53
78
80
58
68
46
79
97
20
19
72
21
32
27
85
89
6
97
7
46
32
18
72
25
10
91
79
71
96
3
76
81
47
32
19
27
4
77
51
65
29
85
48
90
9
10
66
81
12
65
6
33
12
35
54
40
99
70
28
80
41
71
56
87
98
67
82
57
33
72
44
96
56
6
6
8
91
27
1
85
73
28
94
74
75
90
78
32
52
78
71
56
82
65
62
18
74
72
17
63
50
55
1
1
93
37
96
31
84
85
48
92
77
40
8
77
32
23
8
28
65
54
21
59
87
91
64
34
78
63
51
61
77
40
50
70
31
68
19
59
35
80
61
47
91
55
71
55
73
27
37
97
37
80
30
69
76
1
53
16
15
91
85
59
81
92
63
20
14
17
23
64
75
45
23
17
11
22
77
83
97
1
12
47
73
2
74
74
65
98
29
64
80
82
59
29
86
29
81
90
47
97
75
71
86
15
22
76
78
37
72
61
24
30
14
97
36
97
12
27
63
50
92
74
34
63
73
68
0
66
75
78
6
89
52
62
75
42
87
74
96
40
45
9
22
89
37
60
3
2
77
87
76
42
43
69
4
25
26
86
83
20
41
25
70
23
10
95
62
19
97
91
32
51
8
27
15
62
35
31
6
79
93
78
45
45
97
10
11
46
76
33
11
6
96
22
67
44
45
73
35
97
64
17
83
50
25
71
3
10
47
52
35
49
92
84
19
63
63
21
43
88
29
8
40
28
58
82
18
60
9
8
74
25
45
9
44
17
7
74
42
96
54
13
1
0
85
17
32
41
11
25
34
24
90
51
46
67
65
93
7
35
13
20
74
18
63
94
71
44
44
94
24
1
10
50
50
83
90
21
33
95
79
15
47
46
86
22
57
31
97
35
45
16
27
66
53
9
54
78
34
6
34
97
49
52
5
25
94
76
69
81
31
91
18
78
64
18
71
58
53
82
21
99
65
9
16
84
54
73
98
14
2
25
73
86
29
5
11
71
22
62
27
95
56
19
93
84
33
88
39
69
14
26
36
37
58
21
39
52
81
38
48
74
46
79
95
21
12
17
38
83
22
56
99
37
70
59
23
22
63
8
55
17
40
47
21
39
97
67
11
97
26
73
14
73
3
46
98
15
82
71
44
63
45
52
15
74
83
70
88
11
78
66
78
25
67
84
45
75
81
0
95
99
85
49
87
8
60
12
87
14
19
32
0
84
63
76
53
94
61
56
92
65
77
62
90
25
95
65
50
22
35
29
56
82
70
86
96
46
7
50
6
12
32
99
51
18
2
89
70
77
50
90
88
9
97
11
81
85
77
79
43
11
91
80
86
78
98
25
7
60
56
20
79
11
19
68
91
24
75
7
62
76
40
99
58
22
33
35
48
77
7
53
60
95
92
2
45
20
75
38
59
94
28
38
38
77
93
20
34
99
68
46
52
89
82
76
65
30
58
64
19
18
30
24
2
54
2
95
76
27
74
44
96
4
6
60
22
53
26
38
84
26
33
46
33
6
63
4
86
46
55
68
70
3
50
6
4
99
38
39
88
74
47
91
71
29
59
42
52
96
75
27
23
22
5
63
49
26
85
47
3
53
49
57
76
71
44
66
26
87
44
58
49
19
26
79
59
5
71
19
76
92
54
54
41
95
1
97
60
57
27
14
47
17
39
72
98
4
42
82
0
18
95
71
15
86
68
89
96
42
9
5
1
31
57
75
65
65
84
44
34
3
29
72
50
19
54
17
72
1
14
54
39
51
3
40
10
29
23
25
6
42
94
50
85
7
82
59
59
3
51
15
74
5
23
46
17
46
85
0
10
7
54
34
30
3
33
40
85
9
76
98
74
46
33
36
22
54
26
34
8
70
6
0
74
85
12
71
47
7
53
85
64
52
88
59
74
57
85
30
1
67
40
24
63
65
90
81
77
27
18
18
23
81
92
29
12
53
46
71
24
26
1
95
13
90
78
81
1
63
34
63
62
38
53
71
37
32
50
66
81
70
37
57
76
21
5
91
65
40
64
95
52
78
70
32
42
12
42
59
97
95
81
80
92
62
32
64
21
43
21
27
68
68
50
67
68
30
26
59
60
18
74
34
68
76
12
47
59
49
22
65
5
1
17
87
54
23
82
87
22
29
38
76
0
27
19
79
74
87
91
87
14
47
96
29
99
88
50
63
0
15
80
39
74
62
47
85
65
33
21
91
72
3
42
81
30
89
70
25
58
29
7
4
40
79
94
75
45
65
80
18
16
58
14
86
50
82
78
26
57
60
43
16
55
41
33
26
18
1
57
94
80
8
74
22
52
31
20
76
99
48
79
54
13
76
86
62
55
53
7
66
74
97
90
59
40
46
13
83
84
7
59
81
21
27
57
1
30
85
10
65
95
73
7
16
5
3
3
90
57
94
89
41
76
50
64
39
98
87
93
60
39
39
39
22
40
23
40
88
92
7
76
93
20
15
35
68
80
69
97
26
30
62
49
62
66
5
32
84
37
20
15
8
32
25
83
70
57
28
58
73
24
20
46
97
3
43
12
98
92
16
39
27
60
92
67
7
89
97
93
55
6
48
83
13
31
77
50
37
20
29
44
26
59
20
77
8
10
85
41
46
35
27
79
64
86
54
58
46
1
91
33
31
71
0
38
97
72
12
52
41
98
99
49
65
73
51
83
55
8
20
7
76
62
50
68
73
80
41
38
13
46
41
63
53
35
96
56
37
39
5
93
85
90
30
6
32
77
30
9
13
13
93
29
23
49
6
74
87
79
32
80
94
12
12
98
12
79
91
72
17
63
16
40
58
36
89
82
25
29
19
67
82
41
32
24
81
76
69
21
57
46
21
40
2
6
49
32
52
89
58
10
33
9
41
63
90
41
29
42
70
31
68
6
71
9
48
79
1
71
53
9
96
77
81
37
69
93
87
44
18
52
37
27
29
17
20
29
33
20
14
1
56
8
92
48
63
12
42
87
54
17
52
82
99
45
51
59
3
61
6
46
10
8
23
99
1
87
89
94
65
41
47
80
11
72
51
22
30
51
46
7
97
67
48
56
62
49
28
67
16
85
14
18
94
49
93
89
17
82
25
42
65
88
37
18
83
6
49
1
29
64
11
24
39
85
21
59
70
77
24
9
96
51
39
40
69
68
38
18
5
55
46
9
74
94
40
12
72
47
14
31
3
85
34
18
30
74
57
23
3
89
99
56
23
93
25
52
84
0
12
17
76
6
38
63
94
10
91
74
17
84
55
29
9
41
78
76
87
56
1
32
15
18
56
41
9
8
29
69
1
13
72
35
40
59
64
80
73
4
87
35
24
94
90
20
54
21
48
30
50
17
74
42
40
79
44
11
93
36
34
13
87
92
89
27
19
10
20
5
65
85
32
87
55
68
65
30
59
60
92
69
75
62
34
41
22
52
38
91
65
52
16
7
31
76
53
46
67
70
91
16
1
12
45
31
60
44
83
21
15
62
54
49
49
39
19
29
56
77
87
60
79
49
55
88
32
93
81
63
2
60
3
42
2
9
31
27
69
56
76
60
90
59
21
53
50
15
72
2
22
15
7
83
4
56
79
30
43
28
0
43
21
40
66
47
38
92
57
86
75
30
5
30
81
56
62
14
25
87
58
97
21
25
69
8
77
10
44
38
7
63
16
9
36
22
18
59
53
2
8
9
26
38
60
25
79
51
56
95
13
67
95
88
96
4
90
30
64
66
15
44
0
84
42
38
11
41
17
83
34
62
28
87
63
70
87
3
13
7
76
56
44
79
52
96
28
98
74
53
42
10
30
80
95
67
41
74
46
18
30
65
33
88
49
33
8
36
88
82
62
33
98
3
76
63
94
5
88
81
92
74
3
96
7
58
3
74
67
52
1
33
2
66
34
49
10
74
65
9
93
9
62
39
62
61
98
6
32
96
40
84
89
25
50
2
85
15
45
91
61
92
67
38
47
7
2
72
60
43
52
89
81
44
14
72
35
37
42
18
10
11
85
68
5
69
77
64
64
21
48
17
62
19
38
37
67
22
77
73
50
7
0
64
45
98
77
44
50
53
44
25
8
56
6
75
67
22
43
8
81
65
32
93
55
29
12
85
76
60
82
16
9
59
48
77
23
9
92
92
50
9
76
43
94
1
63
35
80
25
35
72
70
27
14
30
52
53
7
79
12
78
53
98
9
46
38
2
64
36
74
19
28
86
74
38
9
32
33
56
60
78
67
34
77
96
93
40
96
4
53
59
58
22
51
58
18
53
56
77
25
91
67
77
40
67
14
64
19
11
96
0
66
36
13
15
96
26
78
15
5
73
91
89
90
26
75
84
31
88
40
50
81
86
64
26
85
49
84
58
34
60
23
69
43
20
86
2
13
79
68
83
40
69
13
69
49
25
41
17
8
2
72
11
24
21
48
91
24
72
55
60
17
33
62
54
98
89
58
82
75
5
95
97
0
91
43
62
25
90
14
63
27
23
77
54
90
76
44
75
69
91
73
70
64
8
17
96
41
12
54
98
15
70
60
28
15
12
69
53
28
51
62
68
34
40
75
32
59
59
95
2
51
62
44
47
7
79
33
34
13
16
48
87
95
68
34
45
97
71
67
86
5
2
95
20
82
9
34
69
36
54
97
93
51
34
37
5
35
72
66
84
21
38
92
17
17
65
54
66
44
57
69
12
60
25
15
89
50
97
70
89
51
65
7
26
93
39
44
18
22
38
19
22
15
37
92
55
91
47
79
17
46
85
26
85
65
91
2
37
11
36
50
84
54
24
64
84
64
40
85
46
70
49
0
48
84
70
99
95
87
0
97
86
7
48
16
3
68
60
95
59
17
16
4
49
16
35
25
32
1
30
92
27
54
52
14
95
68
29
20
75
68
18
37
71
21
45
97
63
53
87
50
4
39
30
15
33
73
38
69
84
44
44
69
19
82
73
60
34
50
81
97
80
26
75
91
30
86
17
3
45
33
58
84
71
42
12
90
24
45
6
80
51
48
79
0
16
50
51
70
50
79
42
20
49
62
14
73
30
2
48
92
20
55
88
20
88
34
46
58
57
77
5
15
81
38
42
17
15
82
50
57
41
62
77
55
76
26
35
57
75
2
93
73
90
87
45
27
11
62
80
92
26
11
56
78
14
2
42
24
23
47
58
84
73
20
50
32
43
92
25
91
14
50
16
98
85
13
89
4
17
3
44
42
93
89
95
27
55
75
2
84
75
59
19
24
58
93
48
36
59
30
18
46
10
86
3
83
58
73
44
43
49
65
65
77
71
74
35
76
39
30
7
2
78
28
97
24
42
92
95
31
88
54
1
38
39
41
27
28
40
87
70
17
75
11
17
73
44
10
82
85
71
46
24
75
17
61
20
48
63
95
65
77
78
23
10
28
50
92
46
85
81
88
79
77
87
38
48
34
3
1
1
89
77
25
6
45
52
38
20
97
76
59
99
86
68
82
9
63
66
35
72
22
91
50
99
60
14
57
75
52
97
72
33
84
43
53
33
61
6
39
81
51
85
59
55
58
55
73
66
79
87
45
80
18
55
55
30
49
27
66
49
30
26
1
64
87
92
62
15
95
53
73
99
68
7
97
45
16
47
74
13
49
29
75
67
79
13
18
0
60
66
99
7
86
86
50
4
93
1
61
3
23
15
22
50
90
77
46
40
22
64
83
46
97
73
72
8
63
20
39
9
70
48
60
29
23
1
30
51
27
33
98
43
49
69
56
14
81
51
53
5
34
26
34
13
97
57
81
40
40
86
27
81
18
88
14
90
96
70
48
23
92
28
21
92
5
47
78
59
24
98
31
68
6
92
18
2
60
56
30
50
8
33
48
92
13
38
81
67
34
59
39
30
88
66
73
1
39
92
56
29
59
16
64
59
16
95
20
97
27
27
87
99
36
34
84
23
6
98
9
79
6
62
40
6
52
64
51
74
22
90
2
45
27
71
47
25
93
11
30
98
68
80
15
51
28
68
73
68
9
61
37
46
38
11
0
90
63
48
74
65
20
63
0
9
55
95
41
88
25
75
1
5
90
14
91
17
0
21
17
32
51
90
42
34
87
52
12
5
57
1
31
51
95
63
71
74
88
42
58
64
16
53
54
70
82
45
58
73
80
27
15
91
51
9
31
48
13
3
3
45
23
76
50
82
92
44
58
60
25
82
17
14
10
35
44
5
47
66
73
56
36
71
56
14
10
95
10
87
4
1
89
13
97
19
15
22
28
85
52
40
98
95
31
26
35
54
15
15
38
88
64
94
7
45
46
67
51
78
92
20
95
86
78
96
42
17
69
99
65
81
19
28
4
67
56
83
51
6
39
34
6
83
83
42
63
89
3
35
22
29
48
98
48
42
10
28
22
18
36
11
72
1
74
74
22
96
79
33
65
14
96
83
51
67
29
56
46
94
69
19
72
21
44
34
22
96
77
52
21
11
2
41
29
97
22
64
48
13
21
65
71
88
7
95
18
5
66
57
6
53
94
81
13
28
45
95
4
41
68
88
52
59
61
11
32
32
13
99
11
46
66
7
79
66
26
36
14
16
8
41
25
10
97
51
67
85
2
91
91
21
37
12
3
58
46
17
68
31
49
96
95
12
13
70
31
25
63
23
0
32
85
31
8
13
42
51
12
4
12
6
8
32
14
60
73
80
64
88
43
71
96
82
3
86
63
27
65
48
9
69
31
