50
39
14
43
17
17
49
66
58
34
11
13
39
38
33
94
17
30
5
13
72
4
9
97
96
20
94
5
4
43
88
85
53
22
85
23
5
58
43
18
99
78
4
49
8
55
17
45
64
63
43
96
3
85
99
8
66
78
40
63
45
53
18
74
16
70
74
46
51
4
9
81
19
80
51
11
75
70
62
99
4
27
32
99
81
54
6
79
70
9
37
11
84
11
7
10
82
91
91
19
7
0
15
62
52
20
36
68
61
28
48
68
20
61
11
3
23
90
91
83
44
3
87
87
62
5
66
55
2
64
90
2
36
57
52
66
36
21
87
56
89
88
14
9
66
79
82
58
96
69
57
4
64
52
85
80
33
56
80
97
25
22
62
92
66
3
89
73
16
28
9
31
68
74
37
46
84
23
16
34
56
3
13
93
5
46
11
30
44
74
5
69
84
93
99
83
69
58
65
70
9
73
53
93
33
38
24
98
75
66
14
70
24
5
55
67
37
55
41
65
40
62
17
70
65
53
86
36
30
31
57
9
85
60
94
87
56
1
56
58
19
28
26
85
55
6
11
13
46
8
51
26
28
33
3
65
21
26
69
63
25
73
25
95
81
76
62
51
2
74
53
57
44
84
14
93
82
98
20
48
42
21
2
3
93
60
67
69
72
63
50
28
0
36
1
51
20
75
44
66
58
69
95
92
94
52
77
41
87
53
58
91
95
78
52
97
46
32
67
79
94
22
24
51
22
13
48
2
12
99
5
0
13
67
61
42
69
66
18
88
77
0
55
22
10
90
15
9
83
13
9
75
87
9
99
52
40
87
99
88
60
0
43
42
62
82
76
44
73
71
27
12
70
54
5
27
27
10
50
65
93
41
97
76
54
72
31
76
16
70
33
8
7
24
3
86
2
45
67
49
14
54
48
24
18
11
21
52
54
6
13
34
3
78
24
11
93
41
52
5
89
46
83
34
83
73
74
66
4
69
39
2
7
13
19
80
85
56
78
61
47
10
37
9
34
83
66
47
47
62
3
84
56
56
53
92
78
37
83
20
84
88
4
90
78
98
94
8
32
68
13
11
38
14
40
88
85
84
67
92
75
68
34
46
0
83
58
99
42
74
46
70
94
85
30
22
57
86
39
67
95
55
46
61
87
37
24
33
48
46
42
80
34
7
11
65
34
71
99
85
89
20
7
30
72
80
96
81
93
93
64
79
41
17
12
56
90
8
3
62
80
72
12
4
69
91
65
71
81
25
0
18
48
41
79
70
83
77
10
84
7
58
64
43
90
11
84
48
66
7
67
17
56
46
93
74
82
75
12
18
22
12
56
5
43
75
16
76
9
93
94
99
89
19
11
67
51
28
34
40
53
10
35
81
5
76
92
26
90
37
80
40
99
44
36
3
86
39
8
94
61
67
22
93
64
58
6
87
19
24
34
12
53
68
72
5
94
11
42
92
73
47
26
43
59
1
80
7
57
89
97
83
24
4
79
47
48
40
59
3
6
80
59
89
83
82
68
3
11
14
91
82
63
78
32
33
11
88
19
94
23
97
1
58
49
82
72
56
1
76
16
55
69
31
81
55
3
92
80
78
5
69
90
43
12
21
0
44
93
96
86
0
18
82
88
77
25
3
18
36
94
72
35
56
63
9
2
49
66
86
69
93
55
29
84
97
67
38
33
46
81
77
93
88
45
89
32
75
31
62
25
72
17
98
62
20
65
94
35
32
10
16
54
66
54
4
48
68
62
47
11
45
58
84
7
22
43
58
82
40
31
48
48
24
36
59
76
12
10
71
19
91
83
73
35
52
81
53
19
61
7
81
98
23
84
32
33
19
89
57
67
47
6
72
4
71
17
75
62
68
82
91
48
19
99
98
48
51
32
33
85
48
28
51
98
15
32
49
59
90
96
9
98
22
3
30
49
18
74
14
6
48
58
58
59
27
13
63
61
11
80
34
78
68
19
51
48
29
9
79
40
0
58
20
22
8
2
30
14
32
49
83
82
16
66
16
56
88
9
8
3
55
0
19
41
45
13
99
46
0
95
15
65
37
32
4
17
29
36
64
4
46
12
75
48
89
56
42
34
97
78
12
61
89
37
20
79
56
14
32
30
46
31
56
2
44
78
14
31
41
13
97
19
52
96
22
90
25
62
99
30
87
22
45
46
56
70
25
83
65
86
46
35
90
12
30
10
38
36
17
74
48
24
85
14
32
97
12
75
29
44
12
48
49
3
65
0
8
72
7
22
67
73
61
49
92
39
