82
48
90
12
42
50
34
90
15
79
70
19
51
2
2
32
86
6
10
54
8
35
17
58
1
70
52
34
19
72
48
17
80
68
9
93
31
10
40
81
74
37
91
61
10
30
28
82
83
51
81
91
27
26
52
38
66
37
56
45
7
44
74
92
42
23
29
95
93
42
9
65
22
88
19
49
24
42
72
6
46
9
19
74
21
3
85
84
45
44
0
42
84
90
80
50
87
70
15
77
2
86
39
31
82
54
41
66
37
92
61
48
22
5
5
20
52
22
72
5
70
68
57
88
46
91
77
45
91
15
78
56
32
45
49
85
66
18
98
4
37
10
87
97
24
2
51
33
43
35
42
66
19
47
51
76
45
31
69
60
11
0
63
91
52
53
43
56
59
93
42
76
8
16
14
3
59
28
24
36
33
14
17
9
81
40
30
93
12
18
8
71
6
81
98
39
62
36
1
17
20
29
92
66
81
80
78
39
27
19
42
38
4
74
87
32
50
4
69
29
37
35
83
5
45
32
38
8
90
54
91
98
69
21
57
25
18
64
32
62
17
44
50
90
14
84
27
1
13
57
56
36
14
48
76
12
59
47
0
64
4
53
37
77
43
37
93
82
37
29
66
38
52
30
79
40
73
92
53
22
3
21
25
87
93
3
21
11
80
13
32
90
63
7
0
64
54
70
51
68
20
11
46
88
53
41
91
81
11
86
45
89
75
87
58
77
28
44
49
14
89
27
49
20
57
61
55
53
65
87
64
44
73
66
7
97
83
46
83
25
97
78
91
0
69
60
48
83
16
93
56
49
21
87
76
94
17
3
98
22
36
64
76
49
9
33
61
23
74
40
14
47
91
55
0
49
14
87
26
13
61
52
62
64
5
35
25
1
6
13
33
1
39
21
26
8
80
74
92
0
39
51
5
44
5
66
83
26
50
4
45
6
63
66
75
63
56
67
24
49
13
82
56
89
59
39
87
44
38
63
81
22
33
67
80
60
51
31
71
58
59
75
33
86
26
39
8
70
82
33
32
17
55
76
55
93
0
69
90
54
99
21
26
11
49
33
86
81
28
69
90
40
15
49
89
14
50
43
95
45
84
31
5
37
22
77
7
55
33
87
64
57
23
43
13
49
22
60
32
46
22
62
55
78
26
41
78
26
55
65
18
80
77
16
41
3
55
29
51
2
42
38
61
34
13
19
53
70
84
88
34
25
76
24
99
7
7
59
44
85
13
23
28
55
26
20
38
4
6
2
2
1
80
17
45
92
23
55
86
9
88
22
3
14
77
32
8
18
42
43
26
76
15
19
21
34
10
28
76
62
23
14
90
18
2
88
59
88
20
68
0
25
6
88
8
98
26
42
92
77
32
34
41
50
75
74
21
86
77
63
60
61
82
70
47
40
12
63
20
18
83
57
15
48
12
28
76
41
8
49
17
91
76
35
85
12
91
95
57
69
4
85
82
44
82
6
51
51
55
95
35
41
89
36
36
61
56
46
61
62
93
35
13
64
35
78
33
13
96
72
3
16
79
43
10
12
93
58
39
67
54
79
94
13
38
35
53
72
42
29
17
25
6
6
47
0
88
44
14
46
78
7
57
23
40
4
31
69
14
34
28
84
90
39
22
79
59
23
40
92
1
60
60
59
71
46
76
15
67
40
84
22
22
69
90
83
53
4
30
89
88
1
29
70
42
12
98
67
22
8
28
75
45
78
68
60
12
21
66
73
85
22
26
66
41
97
78
30
74
7
67
71
72
36
90
89
66
56
84
68
72
82
33
24
43
68
98
3
36
2
38
26
85
27
1
98
78
57
61
73
58
86
37
57
71
35
83
53
75
73
93
43
4
12
64
63
78
40
97
45
29
92
73
14
44
53
17
69
24
15
19
53
13
80
93
55
11
49
8
62
13
99
28
23
92
87
71
72
78
49
87
1
78
52
50
33
45
2
5
91
71
4
45
20
36
57
34
18
1
60
9
28
34
0
42
49
75
31
48
31
96
19
73
88
46
62
53
27
92
18
6
69
47
8
73
96
6
41
78
18
17
38
35
71
72
58
35
84
20
92
1
44
40
11
3
49
51
57
46
0
70
75
36
35
7
51
9
59
48
33
66
42
71
60
17
15
63
37
90
81
45
45
80
51
8
84
32
9
19
91
69
40
58
83
30
64
76
80
64
59
53
76
33
22
70
22
63
52
10
51
96
67
88
76
32
88
35
18
97
47
51
66
15
39
29
85
89
20
47
24
30
58
93
74
5
47
40
91
97
2
5
22
73
27
71
55
61
23
22
62
33
92
75
47
6
46
26
2
52
64
62
95
36
86
65
88
91
45
52
4
19
38
93
21
28
68
44
15
16
96
59
98
17
67
39
1
24
23
25
52
60
36
74
49
8
50
28
81
74
55
17
82
9
18
73
52
50
71
24
83
67
87
1
96
49
25
67
6
76
51
3
5
49
79
75
62
0
37
94
61
96
30
73
50
12
27
74
44
15
32
19
17
40
76
1
8
97
86
83
84
10
27
99
97
47
58
9
93
2
81
4
69
70
53
34
39
54
26
3
48
14
26
85
39
62
4
98
68
96
89
55
68
90
49
62
42
37
80
60
27
64
61
34
23
15
57
9
79
45
45
96
12
12
33
42
58
33
93
1
94
98
30
63
38
85
14
91
62
20
14
56
56
29
25
59
37
53
9
6
24
16
17
86
24
33
18
97
46
97
92
89
73
49
50
82
81
93
43
87
48
19
7
65
72
50
48
55
87
13
74
61
64
35
35
40
57
12
29
36
90
38
93
58
2
79
93
38
79
36
14
20
4
51
56
50
78
25
52
34
27
90
67
66
83
66
33
70
46
82
45
29
16
49
33
77
23
97
86
81
78
9
89
17
3
60
60
13
31
31
20
37
95
73
85
9
55
54
33
17
63
19
3
2
18
92
38
29
58
54
42
28
63
72
74
75
96
61
48
12
19
61
20
92
50
34
0
62
6
38
29
9
29
26
26
57
69
49
74
99
43
87
8
32
34
97
99
84
79
0
76
48
70
2
20
94
85
52
63
44
1
69
51
41
67
44
99
84
12
67
55
58
44
96
61
55
86
48
62
12
45
18
55
85
36
38
16
55
78
36
58
13
28
93
17
77
1
65
89
1
77
90
22
58
47
48
48
34
76
22
53
90
16
42
93
96
72
29
8
59
99
82
10
3
55
17
65
29
87
48
93
41
22
82
32
88
67
20
50
45
60
22
42
26
59
14
15
71
31
71
24
95
8
85
3
80
1
77
18
6
90
38
10
28
0
79
15
64
21
12
18
96
58
91
35
53
7
7
13
75
49
33
96
47
35
38
44
82
8
18
79
28
57
22
37
30
71
14
1
88
95
51
73
94
42
23
11
70
94
88
54
63
10
61
44
10
6
21
93
98
90
70
70
78
64
54
53
70
63
30
41
70
59
14
70
25
51
93
13
10
86
94
31
33
45
33
60
64
32
33
39
28
32
11
38
16
80
47
27
54
27
39
62
74
21
45
38
55
31
18
39
52
10
25
71
36
56
60
84
22
61
83
34
20
9
52
6
71
88
16
90
57
24
25
34
3
31
91
28
2
48
16
56
0
99
48
78
87
25
46
44
39
86
95
81
90
74
61
8
54
32
55
11
22
78
68
40
57
3
25
81
76
26
65
40
31
75
60
90
92
60
4
96
39
58
92
33
78
92
82
91
89
32
77
82
91
57
92
15
25
44
99
21
90
19
55
35
88
9
9
72
37
11
8
61
15
69
87
33
88
45
11
75
81
97
53
26
14
40
10
69
54
14
76
3
97
93
48
28
39
49
94
67
23
72
19
5
78
40
96
82
3
57
45
24
85
70
41
7
64
8
0
29
84
22
45
39
31
97
59
57
61
44
0
37
23
81
46
53
1
66
70
27
81
22
14
2
26
39
74
47
25
98
36
47
48
63
14
35
33
99
61
17
54
25
27
14
47
60
20
13
99
67
54
41
0
46
4
41
59
53
39
67
73
59
97
34
1
9
78
0
87
59
16
64
92
84
94
83
64
89
69
86
45
67
92
88
14
10
10
41
32
15
66
29
56
78
15
84
32
49
42
64
84
60
65
10
82
21
50
35
18
70
41
2
98
59
71
39
5
78
68
54
54
77
8
49
90
97
74
84
48
69
37
75
2
83
13
71
9
21
90
43
48
45
33
79
50
90
24
6
10
89
34
68
93
71
68
98
23
34
99
26
46
32
5
4
0
92
43
3
27
59
52
19
60
79
19
19
78
12
54
26
85
49
73
83
87
42
91
53
7
99
56
42
61
7
79
28
33
7
11
42
76
83
50
82
45
96
37
16
29
33
26
46
98
32
19
27
98
37
33
17
81
88
91
40
33
95
78
6
11
40
93
25
38
78
88
8
2
76
30
0
59
34
16
16
57
11
70
48
66
40
49
31
35
91
15
24
31
1
48
67
28
10
73
70
88
59
39
58
65
42
21
57
49
82
60
85
70
82
25
38
2
39
68
82
7
30
60
6
14
49
22
58
13
46
44
50
99
34
59
64
72
79
17
29
75
29
69
7
29
12
88
45
42
43
74
83
26
2
94
50
10
97
19
64
18
44
16
5
33
7
52
57
44
35
95
78
3
40
24
94
41
99
23
14
91
71
86
90
96
99
65
72
60
59
17
5
39
64
83
59
62
47
5
54
65
2
48
38
8
54
36
37
36
85
91
63
64
7
82
21
54
45
50
8
24
10
9
76
48
93
12
73
17
1
27
30
95
24
93
99
35
91
2
57
36
3
98
89
26
84
27
95
78
51
64
87
48
38
42
89
5
49
99
97
46
17
61
53
66
44
9
96
62
32
82
93
50
64
66
20
88
49
0
6
84
94
46
83
39
4
34
89
30
82
60
76
34
8
40
1
50
31
96
0
37
31
68
74
59
10
2
21
86
82
23
50
18
58
54
65
66
43
70
40
7
84
76
91
16
97
76
96
43
81
38
73
74
82
51
95
57
55
18
70
69
8
32
20
7
47
76
37
59
11
93
21
39
53
73
40
76
20
97
74
89
62
3
90
40
45
96
57
13
44
82
85
32
89
52
96
35
69
2
0
70
32
40
40
96
71
65
85
91
37
94
60
79
77
7
63
60
18
18
15
79
73
10
60
96
59
27
25
77
31
21
76
21
39
59
82
8
4
23
32
84
97
48
77
67
71
75
72
48
3
58
62
6
33
70
57
84
62
85
72
59
66
70
6
31
59
61
39
56
14
7
94
48
91
94
38
11
8
69
73
0
35
48
93
76
41
99
6
0
56
65
76
7
22
64
51
65
12
35
6
45
45
89
80
18
31
17
42
8
36
91
97
50
23
63
1
80
22
76
29
53
91
96
82
26
59
15
5
73
35
17
40
93
23
21
1
19
65
49
2
83
39
64
14
57
41
28
94
5
1
5
84
74
50
54
1
48
40
7
38
51
11
19
88
45
6
96
36
49
10
81
62
14
0
56
23
78
95
11
3
45
77
2
17
40
90
98
30
25
18
88
92
78
52
4
43
93
51
61
91
55
13
94
1
90
76
52
24
47
33
3
20
34
81
51
26
46
73
81
80
53
2
70
33
50
78
80
92
36
66
79
0
42
7
80
55
79
23
86
69
92
65
61
3
34
24
12
13
4
57
26
12
44
37
58
43
59
30
89
12
36
63
76
77
57
66
55
30
33
77
28
30
76
73
25
69
79
87
30
81
79
82
43
49
82
18
30
96
99
39
5
6
20
85
95
61
77
72
62
51
71
1
52
4
11
28
